---init
[  0, inf,  41,  10,  24,  25]
[inf,   0,  22,  66, inf, inf]
[ 41,  22,   0, inf,  24, inf]
[ 10,  66, inf,   0, inf,  50]
[ 24, inf,  24, inf,   0,   2]
[ 25, inf, inf,  50,   2,   0]
---i(0)
[  0, inf,  41,  10,  24,  25]
[inf,   0,  22,  66, inf, inf]
[ 41,  22,   0,  51,  24,  66]
[ 10,  66,  51,   0,  34,  35]
[ 24, inf,  24,  34,   0,   2]
[ 25, inf,  66,  35,   2,   0]
---i(1)
[  0, inf,  41,  10,  24,  25]
[inf,   0,  22,  66, inf, inf]
[ 41,  22,   0,  51,  24,  66]
[ 10,  66,  51,   0,  34,  35]
[ 24, inf,  24,  34,   0,   2]
[ 25, inf,  66,  35,   2,   0]
---i(2)
[  0,  63,  41,  10,  24,  25]
[ 63,   0,  22,  66,  46,  88]
[ 41,  22,   0,  51,  24,  66]
[ 10,  66,  51,   0,  34,  35]
[ 24,  46,  24,  34,   0,   2]
[ 25,  88,  66,  35,   2,   0]
---i(3)
[  0,  63,  41,  10,  24,  25]
[ 63,   0,  22,  66,  46,  88]
[ 41,  22,   0,  51,  24,  66]
[ 10,  66,  51,   0,  34,  35]
[ 24,  46,  24,  34,   0,   2]
[ 25,  88,  66,  35,   2,   0]
---i(4)
[  0,  63,  41,  10,  24,  25]
[ 63,   0,  22,  66,  46,  48]
[ 41,  22,   0,  51,  24,  26]
[ 10,  66,  51,   0,  34,  35]
[ 24,  46,  24,  34,   0,   2]
[ 25,  48,  26,  35,   2,   0]
---i(5)
[  0,  63,  41,  10,  24,  25]
[ 63,   0,  22,  66,  46,  48]
[ 41,  22,   0,  51,  24,  26]
[ 10,  66,  51,   0,  34,  35]
[ 24,  46,  24,  34,   0,   2]
[ 25,  48,  26,  35,   2,   0]
